1	1500	0.0905	0.003678	0.003678
2	1200	0.1206	0.003514	0.003596
3	10000	0.7638	0.03488	0.01402
4	4950	0.2563	0.00611	0.01204
5	50	0.2362	0.006299	0.0109
6	50	0.2362	0.006299	0.01013
7	50	0.2362	0.006299	0.009582
8	6450	0.407	0.01039	0.009683
9	50	0.2362	0.006299	0.009307
10	50	0.2362	0.006299	0.009006
11	50	0.2362	0.006299	0.00876
12	50	0.2362	0.006299	0.008555
13	50	0.2362	0.006299	0.008382
14	50	0.2362	0.006299	0.008233
15	9000	0.6633	0.02799	0.00955
16	4900	0.2513	0.006542	0.009362
17	50	0.2362	0.006299	0.009182
18	50	0.2362	0.006299	0.009022
19	50	0.2362	0.006299	0.008878
20	50	0.2362	0.006299	0.008749
21	50	0.2362	0.006299	0.00888
22	50	0.2362	0.006299	0.00902
23	50	0.2362	0.006299	0.007591
24	50	0.2362	0.006299	0.0076
25	50	0.2362	0.006299	0.0076
26	300	0.2111	0.005087	0.00754
27	50	0.2362	0.006299	0.00754
28	50	0.2362	0.006299	0.007335
29	50	0.2362	0.006299	0.007335
30	50	0.2362	0.006299	0.007335
31	50	0.2362	0.006299	0.007335
32	50	0.2362	0.006299	0.007335
33	50	0.2362	0.006299	0.007335
34	50	0.2362	0.006299	0.007335
35	50	0.2362	0.006299	0.006251
36	50	0.2362	0.006299	0.006239
37	50	0.2362	0.006299	0.006239
38	50	0.2362	0.006299	0.006239
39	50	0.2362	0.006299	0.006239
40	50	0.2362	0.006299	0.006239
41	50	0.2362	0.006299	0.006239
42	50	0.2362	0.006299	0.006239
43	50	0.2362	0.006299	0.006239
44	50	0.2362	0.006299	0.006239
45	50	0.2362	0.006299	0.006239
46	50	0.2362	0.006299	0.006299
47	50	0.2362	0.006299	0.006299
48	50	0.2362	0.006299	0.006299
49	50	0.2362	0.006299	0.006299
50	50	0.2362	0.006299	0.006299
51	50	0.2362	0.006299	0.006299
52	50	0.2362	0.006299	0.006299
53	50	0.2362	0.006299	0.006299
54	50	0.2362	0.006299	0.006299
55	50	0.2362	0.006299	0.006299
56	50	0.2362	0.006299	0.006299
57	50	0.2362	0.006299	0.006299
58	50	0.2362	0.006299	0.006299
59	50	0.2362	0.006299	0.006299
60	50	0.2362	0.006299	0.006299
61	50	0.2362	0.006299	0.006299
62	50	0.2362	0.006299	0.006299
63	50	0.2362	0.006299	0.006299
64	50	0.2362	0.006299	0.006299
65	50	0.2362	0.006299	0.006299
66	50	0.2362	0.006299	0.006299
67	50	0.2362	0.006299	0.006299
68	50	0.2362	0.006299	0.006299
69	50	0.2362	0.006299	0.006299
70	50	0.2362	0.006299	0.006299
71	50	0.2362	0.006299	0.006299
72	50	0.2362	0.006299	0.006299
73	50	0.2362	0.006299	0.006299
74	50	0.2362	0.006299	0.006299
75	50	0.2362	0.006299	0.006299
76	50	0.2362	0.006299	0.006299
77	50	0.2362	0.006299	0.006299
78	50	0.2362	0.006299	0.006299
79	50	0.2362	0.006299	0.006299
80	50	0.2362	0.006299	0.006299
81	50	0.2362	0.006299	0.006299
82	50	0.2362	0.006299	0.006299
83	50	0.2362	0.006299	0.006299
84	50	0.2362	0.006299	0.006299
85	50	0.2362	0.006299	0.006299
86	50	0.2362	0.006299	0.006299
87	50	0.2362	0.006299	0.006299
88	50	0.2362	0.006299	0.006299
89	50	0.2362	0.006299	0.006299
90	50	0.2362	0.006299	0.006299
91	50	0.2362	0.006299	0.006299
92	50	0.2362	0.006299	0.006299
93	50	0.2362	0.006299	0.006299
94	50	0.2362	0.006299	0.006299
95	50	0.2362	0.006299	0.006299
96	50	0.2362	0.006299	0.006299
97	50	0.2362	0.006299	0.006299
98	50	0.2362	0.006299	0.006299
99	50	0.2362	0.006299	0.006299
100	50	0.2362	0.006299	0.006299
101	50	0.2362	0.006299	0.006299
102	50	0.2362	0.006299	0.006299
103	50	0.2362	0.006299	0.006299
104	50	0.2362	0.006299	0.006299
105	50	0.2362	0.006299	0.006299
106	50	0.2362	0.006299	0.006299
107	50	0.2362	0.006299	0.006299
108	50	0.2362	0.006299	0.006299
109	50	0.2362	0.006299	0.006299
110	50	0.2362	0.006299	0.006299
111	50	0.2362	0.006299	0.006299
112	50	0.2362	0.006299	0.006299
113	50	0.2362	0.006299	0.006299
114	50	0.2362	0.006299	0.006299
115	50	0.2362	0.006299	0.006299
116	50	0.2362	0.006299	0.006299
117	50	0.2362	0.006299	0.006299
118	50	0.2362	0.006299	0.006299
119	50	0.2362	0.006299	0.006299
120	50	0.2362	0.006299	0.006299
121	50	0.2362	0.006299	0.006299
122	50	0.2362	0.006299	0.006299
123	50	0.2362	0.006299	0.006299
124	50	0.2362	0.006299	0.006299
125	50	0.2362	0.006299	0.006299
126	50	0.2362	0.006299	0.006299
127	50	0.2362	0.006299	0.006299
128	50	0.2362	0.006299	0.006299
129	50	0.2362	0.006299	0.006299
130	50	0.2362	0.006299	0.006299
131	50	0.2362	0.006299	0.006299
132	50	0.2362	0.006299	0.006299
133	50	0.2362	0.006299	0.006299
134	50	0.2362	0.006299	0.006299
135	50	0.2362	0.006299	0.006299
136	50	0.2362	0.006299	0.006299
137	50	0.2362	0.006299	0.006299
138	50	0.2362	0.006299	0.006299
139	50	0.2362	0.006299	0.006299
140	50	0.2362	0.006299	0.006299
141	50	0.2362	0.006299	0.006299
142	50	0.2362	0.006299	0.006299
143	50	0.2362	0.006299	0.006299
144	50	0.2362	0.006299	0.006299
145	50	0.2362	0.006299	0.006299
146	50	0.2362	0.006299	0.006299
147	50	0.2362	0.006299	0.006299
148	50	0.2362	0.006299	0.006299
149	50	0.2362	0.006299	0.006299
150	50	0.2362	0.006299	0.006299
151	50	0.2362	0.006299	0.006299
152	50	0.2362	0.006299	0.006299
153	50	0.2362	0.006299	0.006299
154	50	0.2362	0.006299	0.006299
155	50	0.2362	0.006299	0.006299
156	50	0.2362	0.006299	0.006299
157	50	0.2362	0.006299	0.006299
158	50	0.2362	0.006299	0.006299
159	50	0.2362	0.006299	0.006299
160	50	0.2362	0.006299	0.006299
161	50	0.2362	0.006299	0.006299
162	50	0.2362	0.006299	0.006299
163	50	0.2362	0.006299	0.006299
164	50	0.2362	0.006299	0.006299
165	50	0.2362	0.006299	0.006299
166	50	0.2362	0.006299	0.006299
167	50	0.2362	0.006299	0.006299
168	50	0.2362	0.006299	0.006299
169	50	0.2362	0.006299	0.006299
170	50	0.2362	0.006299	0.006299
171	50	0.2362	0.006299	0.006299
172	50	0.2362	0.006299	0.006299
173	50	0.2362	0.006299	0.006299
174	50	0.2362	0.006299	0.006299
175	50	0.2362	0.006299	0.006299
176	50	0.2362	0.006299	0.006299
177	50	0.2362	0.006299	0.006299
178	50	0.2362	0.006299	0.006299
179	50	0.2362	0.006299	0.006299
180	50	0.2362	0.006299	0.006299
181	50	0.2362	0.006299	0.006299
182	50	0.2362	0.006299	0.006299
183	50	0.2362	0.006299	0.006299
184	50	0.2362	0.006299	0.006299
185	50	0.2362	0.006299	0.006299
186	50	0.2362	0.006299	0.006299
187	50	0.2362	0.006299	0.006299
188	50	0.2362	0.006299	0.006299
189	50	0.2362	0.006299	0.006299
190	50	0.2362	0.006299	0.006299
191	50	0.2362	0.006299	0.006299
192	50	0.2362	0.006299	0.006299
193	50	0.2362	0.006299	0.006299
194	50	0.2362	0.006299	0.006299
195	50	0.2362	0.006299	0.006299
196	50	0.2362	0.006299	0.006299
197	50	0.2362	0.006299	0.006299
198	50	0.2362	0.006299	0.006299
199	50	0.2362	0.006299	0.006299
200	500	0.191	0.002755	0.006122
201	50	0.2362	0.006299	0.006122
202	50	0.2362	0.006299	0.006122
203	50	0.2362	0.006299	0.006122
204	50	0.2362	0.006299	0.006122
205	50	0.2362	0.006299	0.006122
206	50	0.2362	0.006299	0.006122
207	50	0.2362	0.006299	0.006122
208	50	0.2362	0.006299	0.006122
209	550	0.1859	0.004695	0.006042
210	650	0.1759	0.003806	0.005917
211	50	0.2362	0.006299	0.005917
212	50	0.2362	0.006299	0.005917
213	50	0.2362	0.006299	0.005917
214	950	0.1457	0.003187	0.005762
215	50	0.2362	0.006299	0.005762
216	50	0.2362	0.006299	0.005762
217	1500	0.0905	0.003678	0.005631
218	50	0.2362	0.006299	0.005631
219	600	0.1809	0.004213	0.005526
220	800	0.1608	0.004193	0.005598
221	950	0.1457	0.003187	0.005443
222	1600	0.0804	0.001399	0.005198
223	750	0.1658	0.003654	0.005065
224	1150	0.1256	0.003304	0.004916
225	1800	0.0603	0.002215	0.004711
226	50	0.2362	0.006299	0.004711
227	1350	0.1055	0.00309	0.004551
228	850	0.1558	0.002576	0.004365
229	1200	0.1206	0.003514	0.004306
230	50	0.2362	0.006299	0.00443
231	1200	0.1206	0.003514	0.004291
232	650	0.1759	0.003806	0.004166
233	1750	0.0653	0.0004248	0.003873
234	1000	0.1407	0.002307	0.003829
235	1000	0.1407	0.002307	0.003629
236	150	0.2261	0.005799	0.003604
237	1250	0.1156	0.003622	0.003601
238	700	0.1709	0.005145	0.003543
239	1400	0.1005	0.003105	0.003488
240	550	0.1859	0.004695	0.003513
241	1250	0.1156	0.003622	0.003535
242	1350	0.1055	0.00309	0.003619
243	1650	0.0754	0.002355	0.003554
244	1050	0.1357	0.003326	0.003556
245	1600	0.0804	0.001399	0.003515
246	1350	0.1055	0.00309	0.003354
247	1550	0.0854	0.002367	0.003318
248	1350	0.1055	0.00309	0.003344
249	1700	0.0704	0.002594	0.003298
250	1850	0.0553	0.001967	0.003081
251	1300	0.1106	0.003625	0.003087
252	1250	0.1156	0.003622	0.003078
253	1600	0.0804	0.001399	0.003126
254	2000	0.0402	0.001907	0.003106
255	1400	0.1005	0.003105	0.003146
256	1450	0.0955	0.002772	0.002995
257	1600	0.0804	0.001399	0.002884
258	1750	0.0653	0.0004248	0.002648
259	1050	0.1357	0.003326	0.002659
260	1600	0.0804	0.001399	0.002494
261	1500	0.0905	0.003678	0.002497
262	1550	0.0854	0.002367	0.002461
263	1950	0.0452	0.0006549	0.002376
264	2150	0.0251	0.0025	0.002334
265	1550	0.0854	0.002367	0.002383
266	2050	0.0352	0.003084	0.002382
267	1600	0.0804	0.001399	0.002334
268	1650	0.0754	0.002355	0.002297
269	1550	0.0854	0.002367	0.002286
270	2250	0.0151	0.001263	0.002251
271	1350	0.1055	0.00309	0.002224
272	1750	0.0653	0.0004248	0.002064
273	2200	0.0201	0.002111	0.0021
274	2050	0.0352	0.003084	0.002159
275	2200	0.0201	0.002111	0.002109
276	1550	0.0854	0.002367	0.002089
277	1750	0.0653	0.0004248	0.00204
278	1250	0.1156	0.003622	0.0022
279	1850	0.0553	0.001967	0.002132
280	2200	0.0201	0.002111	0.002167
281	2100	0.0302	0.00181	0.002074
282	1550	0.0854	0.002367	0.002074
283	2050	0.0352	0.003084	0.002195
284	1850	0.0553	0.001967	0.002169
285	1650	0.0754	0.002355	0.002168
286	1400	0.1005	0.003105	0.002169
287	1850	0.0553	0.001967	0.002197
288	2000	0.0402	0.001907	0.002175
289	1850	0.0553	0.001967	0.002155
290	1650	0.0754	0.002355	0.00221
291	2000	0.0402	0.001907	0.002151
292	1450	0.0955	0.002772	0.002268
293	1600	0.0804	0.001399	0.002232
294	1550	0.0854	0.002367	0.002196
295	1500	0.0905	0.003678	0.002275
296	1750	0.0653	0.0004248	0.002178
297	2400	0	0	0.002157
298	2200	0.0201	0.002111	0.002081
299	1700	0.0704	0.002594	0.002112
300	950	0.1457	0.003187	0.002166
301	1950	0.0452	0.0006549	0.002108
302	1600	0.0804	0.001399	0.00206
303	1950	0.0452	0.0006549	0.001939
304	1900	0.0503	0.001944	0.001937
305	1800	0.0603	0.002215	0.00193
306	2100	0.0302	0.00181	0.001866
307	1850	0.0553	0.001967	0.001866
308	1900	0.0503	0.001944	0.001868
309	2250	0.0151	0.001263	0.001832
310	1850	0.0553	0.001967	0.001813
311	2000	0.0402	0.001907	0.001813
312	1700	0.0704	0.002594	0.001804
313	1350	0.1055	0.00309	0.001889
314	2050	0.0352	0.003084	0.001924
315	1950	0.0452	0.0006549	0.001773
316	2100	0.0302	0.00181	0.001843
317	2350	0.005	0.0001702	0.001851
318	1800	0.0603	0.002215	0.001856
319	1950	0.0452	0.0006549	0.001759
320	1700	0.0704	0.002594	0.00173
321	1850	0.0553	0.001967	0.001795
322	1550	0.0854	0.002367	0.001844
323	1900	0.0503	0.001944	0.001908
324	1600	0.0804	0.001399	0.001881
325	2050	0.0352	0.003084	0.001924
326	1600	0.0804	0.001399	0.001904
327	1650	0.0754	0.002355	0.001923
328	2100	0.0302	0.00181	0.001916
329	1800	0.0603	0.002215	0.001964
330	2050	0.0352	0.003084	0.00202
331	2000	0.0402	0.001907	0.00202
332	1550	0.0854	0.002367	0.002008
333	1800	0.0603	0.002215	0.001965
334	1800	0.0603	0.002215	0.001921
335	1800	0.0603	0.002215	0.001999
336	1950	0.0452	0.0006549	0.001941
337	1650	0.0754	0.002355	0.002051
338	1650	0.0754	0.002355	0.002058
339	1850	0.0553	0.001967	0.002123
340	1950	0.0452	0.0006549	0.002026
341	2000	0.0402	0.001907	0.002023
342	1850	0.0553	0.001967	0.002003
343	1100	0.1307	0.002298	0.002021
344	1900	0.0503	0.001944	0.002048
345	1450	0.0955	0.002772	0.002033
346	1850	0.0553	0.001967	0.002061
347	1700	0.0704	0.002594	0.002073
348	1350	0.1055	0.00309	0.002137
349	1900	0.0503	0.001944	0.002124
350	1500	0.0905	0.003678	0.002153
351	1550	0.0854	0.002367	0.002176
352	1800	0.0603	0.002215	0.002169
353	2100	0.0302	0.00181	0.002148
354	2050	0.0352	0.003084	0.002192
355	1450	0.0955	0.002772	0.00222
356	1900	0.0503	0.001944	0.002284
357	1550	0.0854	0.002367	0.002285
358	1850	0.0553	0.001967	0.002265
359	2150	0.0251	0.0025	0.002292
360	2200	0.0201	0.002111	0.002365
361	2100	0.0302	0.00181	0.00236
362	1900	0.0503	0.001944	0.002359
363	2150	0.0251	0.0025	0.002369
364	2350	0.005	0.0001702	0.00228
365	2150	0.0251	0.0025	0.002267
366	2350	0.005	0.0001702	0.002177
367	2300	0.0101	0.0008451	0.002089
368	1700	0.0704	0.002594	0.002065
369	1950	0.0452	0.0006549	0.002
370	2000	0.0402	0.001907	0.001912
371	1850	0.0553	0.001967	0.001892
372	1750	0.0653	0.0004248	0.001802
373	2100	0.0302	0.00181	0.001802
374	2050	0.0352	0.003084	0.001802
375	2150	0.0251	0.0025	0.001789
376	2150	0.0251	0.0025	0.001816
377	2200	0.0201	0.002111	0.001804
378	1850	0.0553	0.001967	0.001804
379	1950	0.0452	0.0006549	0.001711
380	2000	0.0402	0.001907	0.001701
381	2050	0.0352	0.003084	0.001765
382	1800	0.0603	0.002215	0.001778
383	1500	0.0905	0.003678	0.001837
384	2200	0.0201	0.002111	0.001934
385	2150	0.0251	0.0025	0.001934
386	2200	0.0201	0.002111	0.002031
387	2050	0.0352	0.003084	0.002143
388	2150	0.0251	0.0025	0.002139
389	2350	0.005	0.0001702	0.002114
390	2150	0.0251	0.0025	0.002144
391	1950	0.0452	0.0006549	0.002078
392	2100	0.0302	0.00181	0.002148
393	2150	0.0251	0.0025	0.002182
394	2250	0.0151	0.001263	0.002091
395	2400	0	0	0.001966
396	2200	0.0201	0.002111	0.001947
397	2100	0.0302	0.00181	0.001932
398	2050	0.0352	0.003084	0.001988
399	2100	0.0302	0.00181	0.002045
400	1850	0.0553	0.001967	0.002048
401	2350	0.005	0.0001702	0.001903
402	2050	0.0352	0.003084	0.001946
403	1900	0.0503	0.001944	0.001859
404	1900	0.0503	0.001944	0.001851
405	2250	0.0151	0.001263	0.001789
406	2000	0.0402	0.001907	0.001779
407	2100	0.0302	0.00181	0.001715
408	750	0.1658	0.003654	0.001773
409	2000	0.0402	0.001907	0.00186
410	2050	0.0352	0.003084	0.001889
411	2000	0.0402	0.001907	0.001951
412	2250	0.0151	0.001263	0.001924
413	2050	0.0352	0.003084	0.001953
414	2150	0.0251	0.0025	0.002015
415	2100	0.0302	0.00181	0.002106
416	2150	0.0251	0.0025	0.002125
417	2300	0.0101	0.0008451	0.002077
418	2150	0.0251	0.0025	0.002048
419	2300	0.0101	0.0008451	0.001999
420	2250	0.0151	0.001263	0.001964
421	2400	0	0	0.001956
422	2250	0.0151	0.001263	0.001865
423	2250	0.0151	0.001263	0.001831
424	2300	0.0101	0.0008451	0.001776
425	2300	0.0101	0.0008451	0.001755
426	2350	0.005	0.0001702	0.001668
427	2300	0.0101	0.0008451	0.00162
428	2500	0.0101	0.0009655	0.001485
429	1950	0.0452	0.0006549	0.001423
430	2200	0.0201	0.002111	0.001374
431	2250	0.0151	0.001263	0.001342
432	2350	0.005	0.0001702	0.001287
433	2400	0	0	0.001133
434	2300	0.0101	0.0008451	0.00105
435	2250	0.0151	0.001263	0.001023
436	2200	0.0201	0.002111	0.001003
437	2500	0.0101	0.0009655	0.001009
438	2250	0.0151	0.001263	0.0009475
439	2450	0.005	0.001981	0.001004
440	2500	0.0101	0.0009655	0.0009895
441	2350	0.005	0.0001702	0.000998
442	2250	0.0151	0.001263	0.000998
443	2200	0.0201	0.002111	0.00104
444	2300	0.0101	0.0008451	0.00104
445	2250	0.0151	0.001263	0.001061
446	2300	0.0101	0.0008451	0.001095
447	2300	0.0101	0.0008451	0.001095
448	2300	0.0101	0.0008451	0.001089
449	2150	0.0251	0.0025	0.001181
450	2200	0.0201	0.002111	0.001181
451	2200	0.0201	0.002111	0.001224
452	2200	0.0201	0.002111	0.001321
453	2300	0.0101	0.0008451	0.001363
454	2450	0.005	0.001981	0.00142
455	2250	0.0151	0.001263	0.00142
456	2200	0.0201	0.002111	0.00142
457	2200	0.0201	0.002111	0.001477
458	2300	0.0101	0.0008451	0.001456
459	2000	0.0402	0.001907	0.001453
460	2150	0.0251	0.0025	0.001529
461	2100	0.0302	0.00181	0.001611
462	2200	0.0201	0.002111	0.001654
463	2050	0.0352	0.003084	0.001702
464	2350	0.005	0.0001702	0.001669
465	2450	0.005	0.001981	0.001705
466	2300	0.0101	0.0008451	0.001705
467	2350	0.005	0.0001702	0.001671
468	2200	0.0201	0.002111	0.001734
469	2200	0.0201	0.002111	0.001715
470	2250	0.0151	0.001263	0.001672
471	2200	0.0201	0.002111	0.001672
472	2300	0.0101	0.0008451	0.001609
473	2300	0.0101	0.0008451	0.001609
474	2600	0.0201	0.002897	0.001655
475	2100	0.0302	0.00181	0.001682
476	2350	0.005	0.0001702	0.001585
477	2400	0	0	0.001479
478	2200	0.0201	0.002111	0.001543
479	2250	0.0151	0.001263	0.001511
480	2350	0.005	0.0001702	0.001394
481	2600	0.0201	0.002897	0.001448
482	2300	0.0101	0.0008451	0.001385
483	2350	0.005	0.0001702	0.001239
484	2400	0	0	0.001231
485	2300	0.0101	0.0008451	0.001174
486	2150	0.0251	0.0025	0.001257
487	2300	0.0101	0.0008451	0.001291
488	2250	0.0151	0.001263	0.001248
489	2200	0.0201	0.002111	0.001248
490	2450	0.005	0.001981	0.001284
491	2300	0.0101	0.0008451	0.001221
492	2250	0.0151	0.001263	0.001242
493	2350	0.005	0.0001702	0.001208
494	2450	0.005	0.001981	0.001162
495	2250	0.0151	0.001263	0.001135
496	2350	0.005	0.0001702	0.001135
497	2200	0.0201	0.002111	0.00124
498	2350	0.005	0.0001702	0.001143
499	2350	0.005	0.0001702	0.001089
500	2300	0.0101	0.0008451	0.001122
501	2350	0.005	0.0001702	0.000986
502	2300	0.0101	0.0008451	0.000986
503	2300	0.0101	0.0008451	0.00102
504	2300	0.0101	0.0008451	0.001062
505	2300	0.0101	0.0008451	0.001062
506	2300	0.0101	0.0008451	0.0009793
507	2300	0.0101	0.0008451	0.0009793
508	2300	0.0101	0.0008451	0.0009584
509	2250	0.0151	0.001263	0.0009159
510	2200	0.0201	0.002111	0.0009224
511	2350	0.005	0.0001702	0.0008887
512	2300	0.0101	0.0008451	0.0008678
513	2150	0.0251	0.0025	0.0009843
514	2250	0.0151	0.001263	0.0009484
515	2350	0.005	0.0001702	0.0008938
516	2300	0.0101	0.0008451	0.0009275
517	2250	0.0151	0.001263	0.0008851
518	2400	0	0	0.0008766
519	2200	0.0201	0.002111	0.0009736
